0.8599554953560372
0.8007259017623125
0.84963764713983
0.9377576017847786
0.9527859439230237
0.983903390277533
0.7776543545846631
0.9586914623635319
0.9452796364173083
0.7962612411919338
0.9105313399025277
0.7645359979020556
0.9000270110551323
0.9965224111282843
0.7142215723024323
0.8903810258543972
0.9217373034120998
0.9902534784405566
0.9795916039762955
0.9714682736842497
0.9642585707586167
0.950796082892934
0.7554192235424074
0.9306768916077731
0.9271390939043216
0.9462004931680507
0.9694130598383119
0.9617547645096372
0.91177922958811
0.8004981944076331
0.8399696989095875
0.8753170646374531
0.8238679597867266
0.9638025974025974
0.6972935779816514
0.9836120162860178
0.9928749673050141
0.9858822054788797
0.9276450985837269
0.9519287498329755
0.9158482816436859
0.954056387423234
0.9376917338700778
0.9096986608866671
0.94545425767648
0.725140067494512
0.9176066860723174
0.9746969200524246
0.9150147860641346
0.9518201996247758
0.9103675973910924
0.9066167677930822
0.9299928809383696
0.9364783837634957
0.8555828940215676
0.9431710733509858
0.9645190307918281
0.7660456025763552
0.7845582642600704
0.8341051465320471
0.9404794399028291
0.9978042381853931
0.984989539748954
0.9555379223085323
0.81743588554551
0.8988086552721631
0.9305509122170216
0.9113479149574178
0.818041298395396
0.7920594183276491
0.9265531958581443
0.895048794489093
0.9020557838201679
0.9088804814475138
0.9474747267300458
0.920740037963441
0.9349816805239144
0.9265976077004733
0.9538385883970013